001
002
003
004
005
006
007
008
009
010
011
012
013
014
015
016
017
018
019
020
021
022
023
024
025
026
027
028
029
030
031
032
033
034
035
036
037
038
039
040
041
042
043
044
045
046
047
048
049
050
051
052
053
054
055
056
057
058
059
060
061
062
063
064
065
066
067
068
069
070
071
072
073
074
075
076
077
078
079
080
081
082
083
084
085
086
087
088
089
090
091
092
093
094
095
096
097
098
099
100
111
122
133
144
155
166
177
188
199
200
211
222
233
244
255
266
277
288
299
300
311
322
333
344
355
366
377
388
399
400
411
422
433
444
455
466
477
488
499
500
511
522
533
544
555
566
577
588
599
600
611
622
633
644
655
666
677
688
699
700
711
722
733
744
755
766
777
788
799
800
811
822
833
844
855
866
877
888
899
900
911
922
933
944
955
966
977
988
999